mean for 50 * i
[4.4262600000000001,
 5.2027799999999997,
 5.5826200000000004,
 5.8638199999999996,
 6.1425200000000002,
 6.2184499999999998,
 6.4006657142857142,
 6.5711449999999996,
 6.6923955555555557,
 6.7816039999999997,
 6.9225363636363637,
 6.966121666666667,
 7.0637430769230773,
 7.1489571428571432,
 7.1890706666666668,
 7.2794325000000004,
 7.3310964705882355,
 7.3860388888888888,
 7.5064747368421054]

mean for 50 * i
[6.4829800000000004,
 7.2891500000000002,
 7.7632266666666663,
 8.0551650000000006,
 8.3374360000000003,
 8.5541466666666661,
 8.6753400000000003,
 8.8913875000000004,
 8.9228777777777779,
 9.1162240000000008,
 9.2232527272727278,
 9.3113100000000006,
 9.3460599999999996,
 9.3996228571428571,
 9.4981573333333333,
 9.7081462500000004,
 9.7077235294117639,
 9.6728866666666669,
 9.7456021052631581,
 9.8846080000000001,
 9.904633333333333,
 9.8754509090909099,
 9.9757008695652178,
 9.9937891666666658,
 10.153338400000001,
 10.210605384615384,
 10.206413333333334,
 10.263487857142858,
 10.265503448275862,
 10.373290000000001,
 10.282712258064516,
 10.321664374999999,
 10.446184848484849,
 10.480101176470589,
 10.523171428571429,
 10.541440555555555,
 10.530372972972973,
 10.601277368421053,
 10.524434871794872,
 10.6004565,
 10.705044878048781,
 10.674433333333333,
 10.642937674418604,
 10.713793636363636,
 10.788808444444445,
 10.851630869565218,
 10.831411063829787,
 10.731247916666666,
 10.779248979591836,
 10.814976,
 10.873607450980392,
 10.893280769230769,
 10.924803773584905,
 11.028515925925927,
 10.936103636363637,
 11.048997857142858,
 11.010736491228069,
 11.053982068965517,
 11.048146440677966,
 11.034746,
 11.164285573770492,
 11.109184516129032,
 11.132968571428572,
 11.1159603125,
 11.144105846153845,
 11.13613303030303,
 11.227659701492538,
 11.257508235294118,
 11.225623188405796,
 11.237687428571428,
 11.208007887323944,
 11.297835277777779,
 11.254598630136986,
 11.325422162162162,
 11.318141333333333,
 11.342575789473685,
 11.345969350649352,
 11.384643846153846,
 11.447112911392406,
 11.393857000000001,
 11.376144197530865,
 11.423476585365854,
 11.385017831325301,
 11.36457880952381,
 11.389637411764706,
 11.473405813953489,
 11.444066206896551,
 11.499440909090909,
 11.476577078651685,
 11.511494444444445,
 11.553838021978022,
 11.517587826086956,
 11.457337419354838,
 11.566411489361702,
 11.501721684210526,
 11.534689166666666,
 11.538958762886597,
 11.690785306122448,
 11.612306262626262]



 hmmm (5k n mean)
 [8.9315946666666672,
 8.9114693333333328,
 8.9996871111111112,
 8.9793151111111111,
 8.9596422222222216,
 8.9653622222222218,
 8.979543111111111,
 8.9907542222222219,
 9.0177746666666661,
 8.9712888888888891,
 8.9979524444444436,
 8.9550297777777779,
 8.9201773333333332,
 8.9737880000000008,
 8.9976226666666665,
 9.0546720000000001,
 9.0034684444444437,
 8.9643999999999995,
 8.9787106666666663,
 8.9961559999999992,
 8.9688644444444439,
 8.9905466666666669,
 8.9862666666666673,
 8.9527599999999996,
 8.9268599999999996,
 9.0266839999999995,
 8.9365533333333325,
 8.962626222222223,
 8.9374079999999996,
 8.989381777777778,
 8.9833226666666661,
 8.9839515555555547,
 8.9848653333333335,
 8.9240551111111106,
 8.9553755555555554,
 8.9137026666666674,
 9.0153133333333333,
 8.9899457777777769,
 8.9867408888888889,
 8.9562951111111104,
 9.0576311111111103,
 8.983553777777777,
 9.0181062222222224,
 8.9750915555555562,
 8.9762822222222223,
 9.0426017777777776,
 8.9979293333333334,
 8.942803555555555,
 8.9927253333333326,
 8.9986364444444451,
 8.9586439999999996,
 8.9688320000000008,
 9.0185213333333341,
 8.9321746666666666,
 8.9374479999999998,
 8.9993822222222217,
 8.9317613333333341,
 8.967909777777777,
 8.9786004444444441,
 8.9101351111111118,
 9.0110919999999997,
 8.9525431111111118,
 9.0161719999999992,
 8.9854173333333325,
 8.9674813333333336,
 9.0136813333333325,
 8.9851182222222228,
 9.0028871111111108,
 9.0101137777777787,
 8.926164,
 8.9554746666666674,
 8.9616622222222215,
 8.9505462222222221,
 8.9839773333333337,
 8.9823275555555551,
 8.9527373333333333,
 8.958861777777777,
 8.9688488888888891,
 8.9627715555555554,
 8.9945324444444452,
 8.9060831111111103,
 9.003741777777778,
 9.0191235555555558,
 8.9970226666666662,
 9.0029653333333339,
 8.985424444444444,
 9.0224231111111113,
 9.0445639999999994,
 8.9543075555555554,
 8.9936199999999999,
 8.9429137777777772,
 9.0087084444444443,
 8.9669662222222222,
 8.9834626666666662,
 8.9218973333333338,
 8.9427546666666675,
 8.996915111111111,
 8.947607555555555,
 9.0465093333333328]

10k loop
 [4.6316600000000001,
  5.9087566666666671,
  6.4984780000000004,
  6.8755100000000002,
  7.1618788888888885,
  7.4076209090909089,
  7.5991253846153848,
  7.736518666666667,
  7.8901152941176473,
  8.0156189473684218,
  8.0924327014218012,
  8.2354740259740264,
  8.3286768924302788,
  8.4224394833948342,
  8.4951518900343643,
  8.57158617363344,
  8.6438096676737164,
  8.7171914529914538,
  8.7568458221024255,
  8.8289820971867012,
  8.8888325242718444,
  8.9449747685185184,
  9.0062469026548673,
  9.0350747881355939,
  9.0853457317073172,
  9.1087035156250007,
  9.1850441729323311,
  9.2038655797101452,
  9.2252814685314686,
  9.2777679054054047,
  9.343238988580751,
  9.3662530805687201,
  9.3758470137825416,
  9.4222985141158997,
  9.4535152958152953,
  9.4876884992987378,
  9.5096927694406546,
  9.5499567065073041,
  9.571488486416559,
  9.6170592686002525,
  9.6438008599508596,
  9.6744346522781779,
  9.6909973067915693,
  9.7143127002288328,
  9.7286515659955253,
  9.7661949671772437,
  9.7738846895074953,
  9.8271968553459121,
  9.836866632443531,
  9.878131790744467,
  9.8747566502463062,
  9.8939239613526571,
  9.9131768720379139,
  9.924648186046511,
  9.9492474885844757,
  9.9730302242152469,
  10.001568546255507,
  9.99974051948052,
  10.011512936170213,
  10.032612217573222,
  10.080181496710527,
  10.085923381877024,
  10.112112818471337,
  10.120990360501567,
  10.149865046296297,
  10.137733054711246,
  10.160697979041917,
  10.177233407079646,
  10.214980741279069,
  10.185926074498568,
  10.262304728299224,
  10.269846694502435,
  10.265741660947151,
  10.246669194312796,
  10.291769472277888,
  10.306995319709953,
  10.317453480806767,
  10.358299293513166,
  10.372914584654406,
  10.412334627426425,
  10.420636341161929,
  10.423853601953603,
  10.4294958986731,
  10.45893778307509,
  10.470020141342756,
  10.461225844004657,
  10.464983084004603,
  10.488532252559727,
  10.502171653543307,
  10.475401390433815,
  10.533314403518416,
  10.525339641109298,
  10.559624421732114,
  10.546291112293773,
  10.584668667719853,
  10.56898462741011,
  10.593881279009798,
  10.585207248596223,
  10.593037544214249,
  10.63044605]

  [46.673200000000001,
   177.48099999999999,
   325.30020000000002,
   482.07799999999997,
   644.00279999999998,
   815.66999999999996,
   987.15480000000002,
   1163.1043999999999,
   1339.7701999999999,
   1523.6559999999999,
   1714.5372,
   1889.6400000000001,
   2084.6334000000002,
   2284.2212,
   2481.9520000000002,
   2657.7199999999998,
   2856.7972,
   3044.1822000000002,
   3245.9551999999999,
   3453.8094000000001,
   3658.6727999999998,
   3863.7736,
   4065.7397999999998,
   4272.9296000000004,
   4486.8329999999996,
   4663.4341999999997,
   4869.3905999999997,
   5076.0136000000002,
   5297.0983999999999,
   5476.3406000000004,
   5704.9723999999997,
   5895.2766000000001,
   6133.6242000000002,
   6328.6782000000003,
   6591.2592000000004,
   6760.3927999999996,
   6959.1935999999996,
   7196.0227999999997,
   7377.4107999999997,
   7606.7734,
   7850.1639999999998,
   8072.2142000000003,
   8269.116,
   8490.6098000000002,
   8716.5383999999995,
   8910.4513999999999,
   9144.7212,
   9364.0480000000007,
   9587.4187999999995,
   9780.7702000000008,
   10009.446400000001,
   10266.206399999999,
   10480.2804,
   10691.8668,
   10922.402400000001,
   11126.0476,
   11397.586600000001,
   11554.0486,
   11765.7194,
   12014.816800000001,
   12238.235199999999,
   12468.6726,
   12677.0502,
   12934.7744,
   13195.0514,
   13366.3012,
   13573.525600000001,
   13834.455,
   14010.247600000001,
   14324.944799999999,
   14482.767,
   14767.699000000001,
   14955.3866,
   15180.8598,
   15410.0386,
   15616.2858,
   15877.0236,
   16113.023800000001,
   16366.293,
   16548.827399999998,
   16771.116999999998,
   17076.6816,
   17256.129199999999,
   17468.299800000001,
   17742.806799999998,
   17994.148399999998,
   18112.929,
   18399.224600000001,
   18648.0288,
   18820.642199999998,
   19120.043600000001,
   19376.754000000001,
   19664.719799999999,
   19742.2546,
   19978.236400000002,
   20251.323199999999,
   20556.912199999999,
   20695.348000000002,
   21018.531599999998,
   21288.800999999999]
